           01/23/2002
 204202               1
   5.61000000e+02
* 561.00              1               0 SNB   3   1 CLC
   2.03581848e+02  9.40999985e+01 -6.29909992e-01  7.03336125e+05
   6.76847250e+05  9.42132568e+01 -4.15005875e+00  5.67059097e+01
   1.66805911e+00  2.87571460e-01  4.63277370e-01  9.01736600e+06
   1.04681854e+02 -7.89076030e-01  6.62616301e+00  6.99200392e+00
   8.70544732e-01  1.16968799e+00  6.02733850e+00  6.10375404e+00
   4.69149208e+01  3.87028046e+01  4.68075228e+00 -1.01806387e-01
   3.66024437e+01  1.00000000e+04  1.00000000e+04
   2.72932606e+01  0.00000000e+00  0.00000000e+00
   1.13411819e+02
   8.80860519e+00
   7.26487017e+00  1.78304136e-01  2.32059669e+00  1.85511577e+00
   7.24639356e-01  9.34751797e+00 -5.00000000e+01 -5.00000000e+01
  -5.00000000e+01  2.30355486e-02  1.58565664e+04  1.48951531e+05
   1.16735594e-02  1.63667178e+00  1.79816353e+00 -1.25097809e-02
   1.43220234e+00  8.65877762e+01  0.00000000e+00  0.00000000e+00
   6.79426880e+01 -9.87388763e+01  6.64219208e+01  1.00364067e+02
   1.31234808e+01 -5.00000000e+01 -5.87379396e-01 -5.56352735e-01
   1.00000000e+02  4.51146812e+01  5.06226540e+01  6.02733850e+00
   1.06541275e+02 -7.92513549e-01  1.10765204e-01  3.72092649e-02
   8.65957379e-01  6.95515966e+00  1.48166641e+05 -1.41785731e-05
   1.12980999e-01  1.93755627e+03  1.17721057e+00  1.00000000e+01
    66  108   54    1
   5.86998165e-02  1.29120126e-02 -7.00970963e-02 -1.05678782e-01
  -1.13091208e-01 -7.63242617e-02  5.24706207e-02  1.54165579e-02
  -7.56556839e-02 -1.04261152e-01 -1.13129206e-01 -7.31972605e-02
  -9.40438062e-02 -9.69921425e-02 -9.21773911e-02 -9.64017436e-02
   5.70105575e-02  4.25069965e-02  1.15188602e-02  3.40933837e-02
   5.11873066e-02  7.10340682e-03  1.39670521e-02  1.20914346e-02
   1.05652083e-02  1.20362882e-02  1.46326264e-02  1.37706771e-02
   1.17816208e-02  1.02207372e-02  1.14987995e-02  5.68124130e-02
   6.82449862e-02  6.87863082e-02  5.60946614e-02  5.42434715e-02
   6.52082786e-02  6.54629022e-02  5.30696660e-02 -4.03001644e-02
  -4.05063778e-02 -3.70302051e-02 -4.20635231e-02 -4.05357629e-02
  -4.03323025e-02 -4.11829911e-02 -4.20276187e-02 -4.15100530e-02
  -3.81159261e-02 -3.41272950e-02 -2.81742606e-02 -4.17945236e-02
  -3.86548713e-02 -3.49045023e-02 -2.96515785e-02  4.06660959e-02
   2.85620838e-02  4.41538244e-02  5.60139231e-02  5.55593893e-02
   5.98050915e-02  5.97079359e-02  4.75955680e-02  2.91503239e-02
   4.45697755e-02  1.46326264e-02  2.69643307e-01  2.64775813e-01
   2.47676536e-01  2.17940673e-01  1.83933467e-01  1.53490871e-01
   2.61364013e-01  2.41351828e-01  2.09656402e-01  1.75158963e-01
   1.45543814e-01  1.53490871e-01  2.17940673e-01  2.47676536e-01
   2.69643307e-01  2.61364013e-01  2.09656402e-01  1.45543814e-01
   4.31626439e-02  1.39810190e-01 -1.00491277e-03  1.27785385e-01
   1.35744184e-01  2.66591995e-03  1.30253002e-01 -3.88427712e-02
   1.39810190e-01  4.31626439e-02  1.30144820e-01 -3.84746455e-02
  -1.89977378e-01 -1.68685943e-01 -1.49948388e-01 -1.90392405e-01
  -1.67967409e-01 -1.45888433e-01 -1.42052710e-01 -1.53063208e-01
  -1.63796648e-01 -1.34601623e-01 -1.42568201e-01 -1.51694775e-01
  -1.40720084e-01 -1.50731891e-01 -1.71120092e-01 -1.95003271e-01
  -2.14209616e-01 -1.35472164e-01 -1.45846799e-01 -1.66344464e-01
  -1.92420691e-01 -2.11351737e-01 -1.62032321e-01 -1.61081254e-01
  -1.45299867e-01 -1.38071284e-01 -1.50174156e-01 -1.47171542e-01
  -1.38792545e-01 -1.32773086e-01 -1.40624447e-02 -1.38761744e-01
   2.24392600e-02 -1.52889892e-01  2.24392600e-02 -1.52889892e-01
  -1.40624447e-02 -1.38761744e-01 -1.14121839e-01 -4.17555898e-01
  -2.73574531e-01 -2.35436305e-01 -2.81471759e-01 -7.20853582e-02
  -1.09344661e-01  4.33838427e-01 -2.70169288e-01  2.46659398e-01
  -2.75853962e-01  8.00360590e-02 -2.73574531e-01 -2.35436305e-01
  -2.70169288e-01  2.46659398e-01  7.33433142e-02 -1.08058266e-01
  -4.33647912e-03 -1.66861743e-01 -6.64763451e-02 -1.76252395e-01
  -5.03378958e-02 -1.05588853e-01 -4.30068141e-03 -1.58297330e-01
   7.38038048e-02 -1.69513285e-01  5.46447374e-02 -1.44122884e-01
  -3.53455953e-02 -1.74544767e-01 -4.03802879e-02 -1.37930915e-01
   3.56803499e-02 -1.65996864e-01  2.24392600e-02 -1.52889892e-01
  -1.40624447e-02 -1.38761744e-01
   1.06131807e+04 -3.67845303e-07  1.16874421e+00  6.38398145e+03
  -5.88310254e+03  1.16050100e+00 -8.76365820e+03 -8.77524707e+03
   8.65544304e-02 -6.34041016e+03  7.62058643e+03  6.50386572e+00
   2.05811006e-07  1.09178672e+04  4.42832520e+02  2.29719727e+02
   1.47413599e+03  2.89122046e+03  6.02665100e+02 -1.44302841e+02
   5.54895264e+02  4.91956024e+02 -3.79716522e+02  3.50395569e+02
   3.49205542e+03 -1.90822534e+03  1.20310120e+03  1.51028137e+03
  -5.14889030e+01 -2.69750854e+02 -4.79694946e+02  1.00053650e+03
  -2.08020004e+02  8.41458313e+02  3.94767334e+02  3.36295586e+01
   6.36796387e+02  8.41531006e+02 -5.13092224e+02  1.04608350e+03
   5.33482275e+03  4.08504761e+03  2.98281372e+02  2.56564911e+02
   7.16157043e+02 -3.54061951e+02 -9.29922714e+01 -8.77356140e+02
  -2.10252344e+03  6.46804260e+02 -3.18150574e+02 -1.44997437e+03
  -1.33366992e+03  2.25927856e+03
   5.57284607e+02
   4.14454400e+06  3.70803909e+01 -1.17296257e+02  9.00831451e+01
  -1.51633667e+02  2.24258021e-01  1.88666016e+05  7.54035547e+03
   0.00000000e+00  0.00000000e+00  1.00000000e+02  5.88056469e+00
  -4.83337551e-01  1.38465598e-01 -3.83499056e-01 -1.83336496e-01
  -9.68993679e-02  0.00000000e+00  9.99000000e+02  1.28474784e+00
   1.77166843e+01  1.47629035e+00  0.00000000e+00 -2.15564430e-01
   2.47062206e+00  4.81095123e+00  9.20307255e+00  5.81482351e-01
  -5.88340402e-01 -6.40020132e-01  3.75073373e-01  1.50596249e+00
   2.68275261e+01 -7.77000000e+02  1.89488935e+00  3.68992734e+00
 -0.890000000E+02-0.890000000E+02-0.8900000 KIN
